MINUTE:749.9934213925085
MINUTE:750.0524898490969
MINUTE:750.1097331976245
MINUTE:749.9913020569763
MINUTE:750.2834302971582
MINUTE:750.2474527197068
MINUTE:750.4557058418023
MINUTE:750.5969463084369
FIFTEEN_MINUTES:750.2764077772371
HOUR:750.555644719726
DAY:750.5933734513228
MINUTE:750.6888372028058
